<?xml version="1.0" encoding="UTF-8" standalone="no"?>
<!DOCTYPE svg PUBLIC "-//W3C//DTD SVG 20010904//EN"
              "http://www.w3.org/TR/2001/REC-SVG-20010904/DTD/svg10.dtd">

<svg xmlns="http://www.w3.org/2000/svg"
     width="47.9718mm" height="36.6843mm"
     viewBox="0 0 136 104">
  <path id="Sélection"
        fill="none" stroke="black" stroke-width="1"
        d="M 98.00,11.00
           C 101.54,14.89 100.16,18.32 96.00,21.00
             96.00,21.00 97.00,23.00 97.00,23.00
             97.00,23.00 88.00,36.00 88.00,36.00
             88.00,36.00 89.00,38.00 89.00,38.00
             84.47,42.54 84.66,45.70 81.68,50.83
             81.68,50.83 77.27,58.01 77.27,58.01
             75.24,61.97 74.86,65.50 71.00,68.00
             71.00,68.00 72.00,70.00 72.00,70.00
             72.00,70.00 65.00,76.00 65.00,76.00
             64.96,69.15 70.70,62.06 73.75,56.00
             73.75,56.00 98.00,11.00 98.00,11.00 Z
           M 74.00,92.00
           C 75.39,84.61 80.14,77.57 83.69,71.00
             83.69,71.00 98.14,44.00 98.14,44.00
             101.22,38.45 103.14,31.10 109.00,28.00
             110.13,34.37 106.50,36.42 103.78,42.00
             101.97,45.74 101.64,48.64 98.00,51.00
             98.00,51.00 99.00,53.00 99.00,53.00
             99.00,53.00 90.00,66.00 90.00,66.00
             90.00,66.00 91.00,68.00 91.00,68.00
             91.00,68.00 84.73,78.96 84.73,78.96
             84.73,78.96 78.00,92.00 78.00,92.00
             78.00,92.00 74.00,92.00 74.00,92.00 Z
           M 21.00,30.00
           C 26.53,30.95 26.88,33.13 29.00,38.00
             31.91,32.91 31.82,30.49 38.00,30.00
             35.46,36.05 36.02,36.90 38.00,43.00
             38.00,43.00 32.00,42.00 32.00,42.00
             34.38,38.75 34.03,37.79 33.00,34.00
             33.00,34.00 29.00,44.00 29.00,44.00
             29.00,44.00 24.00,35.00 24.00,35.00
             24.00,35.00 26.00,43.00 26.00,43.00
             26.00,43.00 20.00,42.00 20.00,42.00
             22.93,38.02 22.11,34.56 21.00,30.00 Z
           M 47.00,41.00
           C 43.38,45.59 39.27,42.33 39.54,39.01
             39.78,35.97 44.74,32.56 47.00,39.01
             47.00,39.01 42.00,41.00 42.00,41.00
             42.00,41.00 47.00,41.00 47.00,41.00 Z
           M 48.00,36.00
           C 48.00,36.00 57.00,35.00 57.00,35.00
             57.00,35.00 59.00,44.00 59.00,44.00
             59.00,44.00 54.00,43.00 54.00,43.00
             54.00,43.00 55.00,37.00 55.00,37.00
             55.00,37.00 52.00,37.00 52.00,37.00
             52.00,37.00 53.00,43.00 53.00,43.00
             53.00,43.00 48.00,44.00 48.00,44.00
             48.00,44.00 48.00,36.00 48.00,36.00 Z
           M 59.00,36.00
           C 59.00,36.00 63.00,35.00 63.00,35.00
             63.00,35.00 63.00,41.00 63.00,41.00
             63.00,41.00 65.00,41.00 65.00,41.00
             65.00,41.00 64.00,36.00 64.00,36.00
             64.00,36.00 68.00,35.00 68.00,35.00
             68.00,35.00 69.00,43.00 69.00,43.00
             61.14,42.97 61.01,43.15 59.00,36.00 Z" />
</svg>
